     725
     756
     784
     763
     745
     762
     760
     741
     714
     755
     777
     709
     742
     728
     746
     755
     770
     750
     764
     792
     735
     748
     780
     793
     750
     756
     788
     782
     759
     691
     775
     733
     781
     776
     729
     759
     788
     798
     796
     739
     745
     724
     773
     836
     789
     755
     724
     763
     805
     803
     739
     754
     794
     761
     709
     756
     797
     755
     732
     764
     788
     731
     747
     755
     792
     756
     746
     785
     764
     777
     749
     732
     721
     772
     777
     749
     768
     732
     753
     735
     773
     795
     771
